LSTM_GloVe: 0.6569731242118537
LSTM_word2vec: 0.6512373896595208
LSTM_Random: 0.6449105453972257
