CNN_Random: 0.6436462274064734
CNN_word2vec: 0.640297919293821
CNN_GloVe: 0.6487928226145439
